54
7
23
67
60
28
65
57
85
73
65
96
15
74
10
19
29
10
64
28
74
96
74
44
95
72
49
11
6
33
43
61
27
1
15
22
50
23
10
40
42
5
14
99
48
68
14
48
69
43
40
45
14
17
24
38
20
26
16
5
43
28
8
58
53
28
93
56
73
70
25
34
94
62
80
23
20
12
12
47
19
10
5
22
93
81
78
24
82
93
0
14
91
14
51
48
92
70
77
53
77
72
49
87
17
46
87
80
29
41
56
74
91
84
76
50
12
56
76
51
80
92
49
41
64
71
80
17
53
39
33
13
60
50
13
99
77
14
40
96
52
8
83
14
2
52
15
100
4
76
54
61
68
97
17
0
92
28
34
66
18
12
19
26
65
14
44
97
48
60
65
24
85
14
23
42
68
20
80
35
17
19
89
54
10
25
15
52
42
78
93
23
40
4
35
85
82
84
26
76
13
11
99
19
85
27
46
33
28
59
9
87
28
69
1
1
72
0
62
77
94
6
33
37
53
21
100
26
6
5
22
81
94
5
70
11
2
64
30
56
36
0
64
81
15
2
82
27
63
38
73
100
27
53
88
95
22
7
29
58
89
13
41
36
78
41
85
8
0
50
90
65
98
91
78
45
51
85
43
56
71
1
6
93
16
27
55
21
43
52
78
98
68
45
11
43
32
90
77
34
32
23
79
13
48
16
67
30
28
77
83
56
37
5
27
89
24
90
73
11
2
58
46
49
16
25
84
96
28
33
77
79
72
48
26
50
55
73
56
65
38
12
42
73
46
9
80
63
13
7
78
39
58
52
76
7
69
55
32
73
75
1
67
84
92
60
67
28
32
91
62
33
55
98
88
13
11
32
66
95
29
9
55
57
17
90
34
59
94
100
17
88
60
41
65
19
49
76
37
30
26
84
23
2
67
96
2
79
2
87
73
37
97
2
53
55
11
19
12
86
89
83
98
44
49
75
25
53
37
73
70
37
93
18
50
8
40
78
83
34
65
97
55
53
74
5
5
25
58
52
33
61
93
67
65
69
60
86
0
14
39
88
21
49
10
13
91
49
33
2
31
67
13
86
4
86
8
71
100
93
45
87
37
43
68
86
79
68
96
42
71
90
85
72
99
6
25
28
63
83
64
70
40
45
90
14
76
83
54
86
54
92
100
58
84
7
0
0
54
2
87
27
63
96
19
9
8
25
1
8
69
22
13
2
10
46
45
58
82
97
61
26
32
43
94
15
40
76
66
47
73
55
88
22
75
42
13
41
18
95
73
59
67
27
28
91
67
48
29
64
63
66
61
100
21
98
76
2
70
35
92
61
18
21
44
66
5
100
27
38
87
65
64
90
27
33
35
41
36
89
6
38
53
72
41
68
80
91
75
91
32
23
35
79
30
13
21
23
47
89
64
11
87
54
41
24
28
28
1
38
16
44
12
47
19
8
16
44
83
79
13
18
3
46
4
40
13
45
72
66
60
24
53
38
16
96
76
93
61
52
72
78
99
98
10
30
18
41
3
0
56
48
60
32
43
1
65
59
55
4
39
91
43
71
63
4
37
85
31
50
65
56
52
30
35
4
33
5
56
89
81
17
52
10
1
1
68
29
9
32
82
13
39
45
70
20
28
22
95
61
16
96
59
37
7
12
26
58
45
31
64
9
93
76
34
13
88
19
89
77
1
66
37
56
72
82
98
58
89
100
81
7
75
22
92
28
28
81
80
85
63
87
74
9
64
72
68
2
54
55
17
12
15
26
34
39
99
43
84
72
60
57
97
30
6
12
68
27
66
69
8
75
79
39
87
0
21
45
65
48
4
89
72
25
2
24
13
73
50
63
43
75
36
58
73
37
72
51
40
99
10
84
46
82
46
52
43
85
6
48
67
7
37
42
60
84
31
40
7
22
71
98
34
63
75
41
49
51
57
34
58
65
19
71
14
59
93
36
17
82
28
88
10
83
70
16
69
42
96
85
3
79
53
1
15
92
95
47
48
49
86
8
52
7
72
24
32
93
66
28
34
30
97
6
68
33
78
0
61
19
2
74
4
65
58
90
0
25
1
42
33
19
100
89
9
99
31
51
88
87
47
47
58
38
96
54
6
73
92
38
54
27
39
6
45
85
19
11
84
23
40
100
96
54
21
88
4
59
99
44
81
63
68
52
87
88
37
68
17
92
94
77
100
9
53
87
70
15
26
70
17
57
71
55
14
44
55
57
62
43
72
26
81
80
16
39
11
9
77
25
38
79
59
54
31
17
71
12
54
41